all:
	gcc .\main.c -lpng

test:
	.\a.exe
	.\a.exe 100 -100 0 0 -3 10 100 100 0 0 3 10 100 ./1.png
	.\a.exe 100 -100 0 0 -3 10 100 100 0 0 4 10 1000 ./2.png
	.\a.exe 100 -100 0 -1 -3 10 100 100 0 0 3 10 1000 ./3.png
	.\a.exe 100 -100 0 -1 -3 10 100 10 0 0 3 10 1000 ./4.png
	.\a.exe 100 -100 0 4 3 10 100 100 0 0 3 10 1000 ./5.png
	.\a.exe 100 -100 0 0 10 10 100 100 0 0 3 10 400 ./6.png
	.\a.exe 100 -100 20 10 0 10 100 100 0 1 -2 10 1000 ./7.png
	.\a.exe 100 -100 20 10 0 10 100 100 0 1 -2 10 80 ./8.png
	.\a.exe 100 -100 0 1 -1 10 100 100 0 0 1 10 100 ./9.png
	.\a.exe 100 -100 0 1 -1 10 100 100 0 0 1 10 1000 ./10.png
